
Low Pass Filter:
Type: FIR
Method: Window, Blackman
Order: 59
Fs: 24000
Fc: 150

Coefficients: int16_t coeffs[60] = {0, 1, 5, 11, 20, 32, 49, 70, 96, 128, 166, 210, 261, 319, 383, 453, 528, 607, 690, 775, 859, 942, 1022, 1097, 1165, 1224, 1273, 1312, 1338, 1351, 1351, 1338, 1312, 1273, 1224, 1165, 1097, 1022, 942, 859, 775, 690, 607, 528, 453, 383, 319, 261, 210, 166, 128, 96, 70, 49, 32, 20, 11, 5, 1, 0};

High Pass Filter:
Type: FIR
Method: Window, Hann
Order: 59
Fs: 24000
Fc: 2000

Coefficients: int16_t coeffs[60] = {0, 1, 1, -3, -13, -28, -42, -43, -21, 28, 97, 166, 205, 182, 80, -96, -309, -499, -587, -505, -217, 257, 835, 1372, 1679, 1547, 745, -1061, -4886, -20136, 20136, 4886, 1061, -745, -1547, -1679, -1372, -835, -257, 217, 505, 587, 499, 309, 96, -80, -182, -205, -166, -97, -28, 21, 43, 42, 28, 13, 3, -1, -1, 0};
