0
13961
20981
18164
8334
-1639
-4882
1438
14434
27184
32767
28311
16667
4739
-568
3613
14434
25009
28453
21932
8334
-5407
-12354
-9610
0
9610
12354
5407
-8334
-21932
-28453
-25009
-14434
-3613
568
-4739
-16667
-28311
-32767
-27184
-14434
-1438
4882
1639
-8334
-18164
-20981
-13961
0
13961
20981
18164
8334
-1639
-4882
1438
14434
27184
32767
28311
16667
4739
-568
3613
14434
25009
28453
21932
8334
-5407
-12354
-9610
0
9610
12354
5407
-8334
-21932
-28453
-25009
-14434
-3613
568
-4739
-16667
-28311
-32767
-27184
-14434
-1438
4882
1639
-8334
-18164
-20981
-13961
0
13961
20981
18164
8334
-1639
-4882
1438
14434
27184
32767
28311
16667
4739
-568
3613
14434
25009
28453
21932
8334
-5407
-12354
-9610
0
9610
12354
5407
-8334
-21932
-28453
-25009
-14434
-3613
568
-4739
-16667
-28311
-32767
-27184
-14434
-1438
4882
1639
-8334
-18164
-20981
-13961
0
13961
20981
18164
8334
-1639
-4882
1438
14434
27184
32767
28311
16667
4739
-568
3613
14434
25009
28453
21932
8334
-5407
-12354
-9610
0
9610
12354
5407
-8334
-21932
-28453
-25009
-14434
-3613
568
-4739
-16667
-28311
-32767
-27184
-14434
-1438
4882
1639
-8334
-18164
-20981
-13961
0
13961
20981
18164
8334
-1639
-4882
1438
14434
27184
32767
28311
16667
4739
-568
3613
14434
25009
28453
21932
8334
-5407
-12354
-9610
0
9610
12354
5407
-8334
-21932
-28453
-25009
-14434
-3613
568
-4739
-16667
-28311
-32767
-27184
-14434
-1438
4882
1639
-8334
-18164
-20981
-13961
