1
1
1
0
-3
-10
-20
-38
-62
-94
-131
-172
-213
-247
-268
-263
-218
-120
50
308
672
1159
1782
2555
3485
4574
5822
7220
8756
10411
12162
13978
15823
17660
19444
21132
22678
24037
25164
26017
26560
26758
26588
26033
25083
23738
22007
19911
17476
14739
11744
8541
5184
1730
-1760
-5225
-8604
-11838
-14870
-17647
-20123
-22254
-24005
-25345
-26251
-26708
-26708
-26251
-25345
-24005
-22254
-20123
-17647
-14870
-11838
-8603
-5221
-1750
1751
5222
8604
11839
14871
17648
20124
22255
24006
25346
26252
26709
26709
26252
25346
24006
22255
20124
17648
14871
11839
8604
5222
1751
-1750
-5221
-8603
-11838
-14870
-17647
-20123
-22254
-24005
-25345
-26251
-26708
-26708
-26251
-25345
-24005
-22254
-20123
-17647
-14870
-11838
-8603
-5221
-1750
1751
5222
8604
11839
14871
17648
20124
22255
24006
25346
26252
26709
26709
26252
25346
24006
22255
20124
17648
14871
11839
8604
5222
1751
-1750
-5221
-8603
-11838
-14870
-17647
-20123
-22254
-24005
-25345
-26251
-26708
-26708
-26251
-25345
-24005
-22254
-20123
-17647
-14870
-11838
-8603
-5221
-1750
1751
5222
8604
11839
14871
17648
20124
22255
24006
25346
26252
26709
26709
26252
25346
24006
22255
20124
17648
14871
11839
8604
5222
1751
-1750
-5221
-8603
-11838
-14870
-17647
-20123
-22254
-24005
-25345
-26251
-26708
-26708
-26251
-25345
-24005
-22254
-20123
-17647
-14870
-11838
-8603
-5221
-1750
1751
5222
8604
11839
14871
17648
20124
22255
24006
25346
26252
26709
26709
26252
25346
24006
22255
20124
